BigMap_dx.png
	size: 2048, 2048
	filter: Linear, Linear
	pma: true
01/L/002
	bounds: 446, 40, 298, 330
	offsets: 36, 53, 384, 432
	rotate: 90
01/L/005
	bounds: 1134, 24, 328, 302
	offsets: 43, 53, 384, 432
01/L/009
	bounds: 1464, 24, 328, 302
	offsets: 42, 53, 384, 432
01/R/005
	bounds: 2, 2, 215, 170
	offsets: 94, 46, 366, 290
	rotate: 90
01/R/012
	bounds: 1000, 20, 195, 128
	offsets: 84, 50, 366, 290
	rotate: 90
02/009
	bounds: 1922, 1179, 118, 179
	offsets: 29, 12, 216, 240
03/000
	bounds: 890, 1249, 342, 342
	offsets: 59, 44, 446, 406
03/001
	bounds: 1334, 1704, 342, 342
	offsets: 59, 44, 446, 406
03/002
	bounds: 446, 340, 342, 342
	offsets: 59, 44, 446, 406
03/003
	bounds: 890, 905, 342, 342
	offsets: 59, 44, 446, 406
03/004
	bounds: 1678, 1704, 342, 342
	offsets: 59, 44, 446, 406
03/005
	bounds: 890, 561, 342, 342
	offsets: 59, 44, 446, 406
03/006
	bounds: 790, 217, 342, 342
	offsets: 59, 44, 446, 406
03/007
	bounds: 1334, 1360, 342, 342
	offsets: 59, 44, 446, 406
03/008
	bounds: 1678, 1360, 342, 342
	offsets: 59, 44, 446, 406
03/009
	bounds: 1234, 1016, 342, 342
	offsets: 59, 44, 446, 406
03/010
	bounds: 1234, 672, 342, 342
	offsets: 59, 44, 446, 406
03/011
	bounds: 1578, 1016, 342, 342
	offsets: 59, 44, 446, 406
03/012
	bounds: 1578, 672, 342, 342
	offsets: 59, 44, 446, 406
03/013
	bounds: 1234, 328, 342, 342
	offsets: 59, 44, 446, 406
03/014
	bounds: 1578, 328, 342, 342
	offsets: 59, 44, 446, 406
04/000
	bounds: 778, 27, 220, 188
	offsets: 36, 24, 289, 264
04/001
	bounds: 1794, 107, 219, 191
	offsets: 37, 24, 289, 264
	rotate: 90
04/003
	bounds: 174, 23, 219, 194
	offsets: 37, 24, 289, 264
05/000
	bounds: 446, 684, 442, 447
	offsets: 0, 0, 442, 482
05/001
	bounds: 2, 219, 442, 450
	offsets: 0, 0, 442, 482
05/002
	bounds: 890, 1593, 442, 453
	offsets: 0, 0, 442, 482
05/003
	bounds: 446, 1133, 442, 455
	offsets: 0, 0, 442, 482
05/004
	bounds: 446, 1590, 442, 456
	offsets: 0, 0, 442, 482
05/005
	bounds: 2, 1129, 442, 457
	offsets: 0, 0, 442, 482
05/006
	bounds: 2, 1588, 442, 458
	offsets: 0, 0, 442, 482
05/007
	bounds: 2, 671, 442, 456
	offsets: 0, 0, 442, 482
hongsefushi
	bounds: 1234, 1441, 93, 150
	offsets: 2, 2, 97, 154

BigMap_dx_2.png
	size: 2048, 2048
	filter: Linear, Linear
	pma: true
01/L/000
	bounds: 2, 1096, 319, 315
	offsets: 26, 53, 384, 432
	rotate: 90
01/L/001
	bounds: 332, 1739, 307, 325
	offsets: 36, 53, 384, 432
	rotate: 90
01/L/003
	bounds: 986, 1743, 303, 312
	offsets: 33, 53, 384, 432
	rotate: 90
01/L/004
	bounds: 320, 1432, 304, 290
	offsets: 30, 53, 384, 432
	rotate: 90
01/L/006
	bounds: 659, 1743, 325, 303
	offsets: 46, 53, 384, 432
01/L/007
	bounds: 1300, 1743, 303, 312
	offsets: 33, 53, 384, 432
	rotate: 90
01/L/008
	bounds: 1614, 1748, 311, 298
	offsets: 30, 53, 384, 432
01/L/010
	bounds: 2, 1738, 328, 308
	offsets: 41, 53, 384, 432
01/L/011
	bounds: 2, 777, 315, 317
	offsets: 44, 53, 384, 432
01/L/012
	bounds: 2, 1417, 316, 319
	offsets: 43, 53, 384, 432
01/L/013
	bounds: 2, 452, 308, 323
	offsets: 32, 53, 384, 432
01/L/014
	bounds: 2, 127, 323, 303
	offsets: 27, 53, 384, 432
	rotate: 90
01/R/000
	bounds: 612, 1342, 194, 174
	offsets: 86, 50, 366, 290
01/R/001
	bounds: 319, 748, 202, 134
	offsets: 84, 49, 366, 290
01/R/002
	bounds: 1463, 1536, 205, 150
	offsets: 104, 46, 366, 290
	rotate: 90
01/R/003
	bounds: 1460, 1367, 211, 167
	offsets: 102, 42, 366, 290
01/R/004
	bounds: 1834, 1575, 212, 171
	offsets: 96, 44, 366, 290
01/R/006
	bounds: 1666, 1182, 186, 177
	offsets: 93, 41, 366, 290
01/R/007
	bounds: 1673, 1361, 197, 183
	offsets: 91, 37, 366, 290
	rotate: 90
01/R/008
	bounds: 1854, 1026, 202, 192
	offsets: 87, 34, 366, 290
	rotate: 90
01/R/009
	bounds: 319, 1081, 197, 192
	offsets: 93, 41, 366, 290
01/R/010
	bounds: 1858, 1386, 188, 187
	offsets: 88, 48, 366, 290
01/R/011
	bounds: 312, 572, 194, 174
	offsets: 86, 50, 366, 290
01/R/013
	bounds: 312, 418, 206, 152
	offsets: 103, 44, 366, 290
01/R/014
	bounds: 320, 1275, 210, 155
	offsets: 102, 44, 366, 290
02/000
	bounds: 1846, 868, 156, 200
	offsets: 34, 12, 216, 240
	rotate: 90
02/001
	bounds: 1460, 1019, 166, 202
	offsets: 28, 15, 216, 240
	rotate: 90
02/002
	bounds: 1460, 1187, 178, 204
	offsets: 20, 13, 216, 240
	rotate: 90
02/003
	bounds: 319, 884, 175, 195
	offsets: 17, 14, 216, 240
02/004
	bounds: 307, 224, 158, 192
	offsets: 21, 12, 216, 240
02/005
	bounds: 307, 68, 154, 192
	offsets: 23, 11, 216, 240
	rotate: 90
02/006
	bounds: 1664, 1019, 161, 180
	offsets: 18, 12, 216, 240
	rotate: 90
02/007
	bounds: 501, 48, 157, 182
	offsets: 16, 13, 216, 240
02/008
	bounds: 496, 896, 147, 183
	offsets: 20, 12, 216, 240
02/010
	bounds: 523, 722, 125, 172
	offsets: 25, 12, 216, 240
02/011
	bounds: 660, 73, 131, 176
	offsets: 21, 12, 216, 240
02/012
	bounds: 606, 251, 136, 179
	offsets: 21, 14, 216, 240
02/013
	bounds: 467, 232, 137, 184
	offsets: 23, 13, 216, 240
02/014
	bounds: 1858, 1230, 154, 188
	offsets: 23, 12, 216, 240
	rotate: 90
04/002
	bounds: 612, 1518, 219, 192
	offsets: 37, 24, 289, 264
	rotate: 90
04/004
	bounds: 1244, 1546, 217, 195
	offsets: 38, 24, 289, 264
04/005
	bounds: 806, 1545, 217, 196
	offsets: 38, 24, 289, 264
04/006
	bounds: 1025, 1545, 217, 196
	offsets: 38, 24, 289, 264
04/007
	bounds: 808, 1190, 216, 168
	offsets: 39, 24, 289, 264
04/008
	bounds: 1026, 1193, 216, 168
	offsets: 39, 24, 289, 264
04/009
	bounds: 1244, 1201, 214, 164
	offsets: 39, 24, 289, 264
04/010
	bounds: 1244, 1035, 214, 164
	offsets: 39, 24, 289, 264
04/011
	bounds: 1244, 1367, 214, 177
	offsets: 39, 24, 289, 264
04/012
	bounds: 1026, 1363, 216, 180
	offsets: 39, 24, 289, 264
04/013
	bounds: 808, 1360, 216, 183
	offsets: 39, 24, 289, 264
04/014
	bounds: 1615, 1560, 217, 186
	offsets: 38, 24, 289, 264
baoshilv
	bounds: 520, 432, 142, 142
	offsets: 57, 57, 256, 256
yaoshi
	bounds: 508, 576, 153, 144
	offsets: 2, 3, 157, 149
